370 2826
1323 9877
92 725
269 1851
269 1851
200 1159
1010 6198
313 2293
233 1309
389 2179
270 1507
336 1947
7 41
3302 23123
192 1275
531 3760
401 2856
304 2056
304 2056
52 477
663 5452
615 5181
71 480
768 5558
799 4989
884 4924
234 1675
526 3828
188 1439
131 685
1510 10291
85 706
814 7929
438 2992
296 1924
435 2827
70 476
53 411
255 1581
63 452
651 5231
816 5072
137 1137
127 789
816 5072
966 7222
816 5072
618 5193
182 1168
157 1100
90 556
169 1212
2249 15074
484 3593
410 2466
31 365
39 414
254 1682
79 458
103 788
44 362
638 3885
298 1805
240 1597
107 615
324 2401
641 3943
378 2905
395 2313
138 1163
1247 8647
282 1979
2 53
1001 7367
451 3786
1113 8772
77 534
541 6778
259 2670
87 667
1408 10203
132 766
247 1629
82 574
1121 7562
1121 7562
360 2657
1121 7562
1121 7562
495 2873
1491 10698
61 443
600 4138
105 688
51 398
8 35
203 1517
384 3489
294 1812
98 651
1773 13457
163 933
1384 10836
1384 10836
111 970
3654 36172
343 1885
787 5770
486 2808
1366 8363
510 3469
402 2777
64 434
125 675
161 921
625 4961
173 1027
170 1460
226 1322
311 2362
937 6813
89 562
16 86
22 136
1672 11261
202 1409
278 1863
1469 11668
1624 11479
15 97
210 1666
352 2486
118 994
6 71
146 950
239 1571
199 1644
222 1695
150 1170
61 554
62 519
816 6644
324 2050
589 3937
343 2268
111 897
37 367
687 4386
370 2639
1053 6887
359 2580
280 1817
178 1140
23 179
1665 11860
165 988
80 425
151 984
143 1056
1 48
704 4240
329 1845
39 245
1569 10955
763 5655
60 440
216 1744
629 4804
365 2299
1102 7744
745 5441
2030 17208
940 6639
605 4352
53 422
146 1005
204 1418
413 2631
828 5294
61 437
840 5686
350 2542
3257 21985
632 3399
824 6103
631 3998
2 11
776 5258
338 2414
793 5779
92 788
198 968
199 1277
138 1072
138 1039
354 2194
212 1777
306 2255
981 6727
784 5524
532 3255
423 3161
119 609
7 44
109 879
3403 43337
1972 15219
482 3317
857 6029
87 607
1987 18951
537 3647
1468 10807
524 3346
156 1248
212 1951
8 92
1163 8014
831 4975
482 2920
410 2395
128 1096
207 1692
531 3757
412 2910
488 3317
96 879
935 6266
376 3123
2565 14204
361 2751
221 1339
159 1005
118 1096
344 2120
138 843
1443 8526
526 3899
1443 8526
168 1594
52 456
121 905
62 382
1443 8526
597 4521
366 2689
1443 8526
77 706
417 3062
575 4212
1134 9127
767 5689
594 4478
633 4683
591 4428
754 5480
602 4410
640 4732
666 4939
655 4999
512 3768
406 2973
585 4344
471 3506
510 3772
643 4761
676 5513
543 3973
693 5067
1075 7421
524 3879
136 1013
202 1195
124 789
37 243
30 201
568 4463
489 3806
515 3666
499 3544
404 2933
75 451
503 3783
399 2893
579 4241
346 2562
1240 8945
65 571
